kelompok 1,kelompok 2,kelompok 3,kelompok 4,kelompok 5,kelompok 6,kelompok 7,kelompok 8,kelompok 9,kelompok 10,kelompok 11,kelompok 12
023,027,030,050,058,063,081,088,096,105,123,135,148
008,046,051,052,053,056,061,065,076,091,143,149,152
014,034,037,040,062,074,087,101,126,128,132,142
007,015,042,055,059,064,084,089,100,111,118,129,147
002,017,042,054,065,067,086,093,103,107,132,137,146
011,028,038,039,072,078,079,090,102,109,122,129,150
003,004,019,026,033,041,071,075,082,092,120,134,156
018,020,036,049,083,085,098,110,115,117,158,160,162
005,013,016,045,047,068,094,099,104,127,136,153,157
025,031,043,044,069,097,112,116,130,131,140,151,159
009,021,024,039,060,070,095,106,119,125,135,138,139
010,012,048,057,080,108,113,121,124,141,143,144,154
